376728460
379008016
418879072
42472400
42472923
42473565
42473836
42474170
42474787
42475016
42475028
42475118
42475142
42475210
42475381
42475709
42475908
42475970
42475981
42477424
42477426
42478416
42479069
42479861
42480457
42480591
42482017
42484598
42484884
42485232
42487716
42487789
42488551
42489908
42490815
42490848
42491082
42493593
42493651
42493694
42493781
42493928
42494454
42495298
42495755
42495801
42495861
42495891
42496486
42496870
42497182
42498306
42499751
42500671
42500694
42501148
42501778
42503090
42504114
42504141
42504404
42504902
42505804
42508694
42510562
42510751
42510753
42511699
42511761
42513176
42514060
42515287
42515760
42516329
42517260
42518834
42519046
42521259
42521651
42522077
42522417
42522874
42522962
42523621
42525434
42527319
42528949
42529693
42531223
42531547
42532008
42534862
42534902
42535128
42535461
42537377
42538533
42539881
42540576
42540982
