394126186
42474987
42475119
42475195
42477544
42477545
42477558
42477586
42477632
42477643
42477679
42481224
42481296
42481301
42481315
42481321
42482360
42484040
42485645
42489732
42490980
42493062
42498233
42500232
42500238
42500764
42500776
42500885
42500938
42502890
42505027
42510029
42510070
42510536
42512011
42512265
42517929
42517942
42521123
42522531
42523342
42523993
42524018
42524740
42524913
42525184
42526388
42527328
42527526
42527895
42529681
42530550
42531297
42532796
42534125
42534286
42536073
42536161
42536593
42536641
42537424
