42487756
42539342
42524958
42537243
42484390
420741614
42487961
42537577
42528093
42532896
42532885
42507442
42522740
42533592
42514715
42518451
42539520
42521255
42527837
374218971
42528131
42506037
42485087
42518779
42524446
42527547
42482261
42532007
42521078
377955861
42478129
42492581
42520917
42532047
387626404
42535458
42500380
42536669
42493167
42504099
42491616
42514900
42531143
42534374
42526616
42519792
42533348
42527329
42536279
42522939
42506986
42485315
42491296
42490266
42490840
42488076
42533083
42495181
42485192
42488393
42493278
42529405
429298576
42510547
42520646
42534218
385406635
42531033
42530451
370562609
42517281
429489010
42528919
424613315
391916478
42523594
42483267
42528951
42484513
42488005
42523630
42541364
42529054
42513890
42506982
42488563
42506155
42480644
42520208
42520151
42520329
372067232
42530447
42526932
42541002
42528994
42503827
42503250
42525317
42539533
42528947
401868632
42522792
42530189
42522843
42506129
42500120
42490793
42511198
42521509
42522936
42525912
398053010
42503915
42520945
42513357
42532240
42522894
42491507
42488097
42529609
42539540
42537168
42504591
42531141
398060138
424242614
42518256
42507890
42525069
42539956
42538854
42533912
42498787
42519984
42540897
42530184
42506975
399458050
42517385
42508018
42534463
42537622
42537987
42514245
42535739
390788198
42528148
42486098
42498884
42471294
42471424
42506386
42499353
42476999
42507214
42519940
42505099
42517543
42472970
40096185
42525587
389339262
42530105
42524037
42481957
42511621
42536079
42531447
397728078
42507334
42495373
42481221
42483574
42529484
42492022
420198855
42527635
42510454
42533723
42516014
42495043
42517117
42486052
42471317
42538667
42533844
42471140
42472493
42518552
42487241
42513812
42508823
42506689
42484005
42472819
42513797
42507669
42492002
42509256
42521342
42502085
42479160
42508524
42516530
42493036
42489424
42493525
42530471
42470443
42535137
42512561
42541037
42494680
42474927
42483053
42536117
42486529
437060549
42517687
42503022
386128948
42490130
42527533
42493110
414204706
42489627
42527282
42491774
42493933
42532722
42522139
42506130
42491999
42483644
42479300
42529008
42486780
42504323
42501162
420740685
42532260
42522665
42504105
42513382
42517178
42511520
42540456
42541221
42529718
42530069
42477979
42533590
42471682
42504736
42491690
42493212
42524709
42537851
42502614
42535883
42530151
42523836
42502098
401712861
42519762
42487835
42539477
42511519
42479230
42533827
42527948
42490229
42524024
42509060
42530150
42521522
42499668
42498350
398067543
42508187
42518190
42515479
42536925
42478424
42477466
42495135
42530108
42540959
42524877
42526893
42512849
42488709
42475066
42508737
42485153
42515667
42517801
42471287
42501732
42540355
42496725
42492823
42475201
42513834
42531672
42497965
42523506
42532659
42521820
42489818
42490150
42517970
391689728
42471519
376515517
42516899
42524837
42513788
42498551
42515962
42525240
42490691
42499879
42528680
42526513
42534694
42530704
42508774
42475545
42527523
42487979
42518895
42511644
42517205
42496643
42530139
42520011
42492135
42540566
383170478
42527220
42509273
42532906
42522777
42541665
42525566
42502527
42528140
42507708
418101791
425413855
42474124
42522507
42522712
42522281
42522441
42479497
42503978
42497197
42479388
42540492
42489398
42507049
42522274
42503442
42497478
42531102
42479369
42522611
42531112
42531670
42528035
42521585
42524491
42472863
42476618
42484819
42524801
42509095
42524012
42520029
385180600
42516081
42496965
42507578
42517080
42488023
42530230
396958482
42475962
42490332
42536536
42527841
415850462
42539272
42486973
42490832
42505706
