42520912
42493535
42536326
42535918
42518254
42485647
42523019
42481590
42517530
42512497
42529229
42477797
42502292
42513172
42513641
42475517
42488124
42517925
42503375
42503094
42507123
42489163
42498471
42530300
42534921
42507889
42513886
42512058
42536646
42475724
42523437
42518516
42505679
42471654
42478079
42475579
42481672
42504796
42471526
42484756
42530920
42502435
42486037
42513819
42484661
42511900
42516559
42530284
42491316
42505068
42516926
42487732
42470972
42479504
42539247
42531800
42477823
42521319
42523398
42470347
42530559
42516248
42470538
42479687
42527231
42485368
42503787
42470395
42529760
42492419
42474199
42472034
42502057
42480353
42481509
42489624
42518409
42479512
42481695
409093735
398356443
42517623
42489626
42482784
42514528
42528415
42530909
42514191
376786829
42518807
42493706
42470895
42479370
42479378
42530547
42503875
42532396
42488327
42530152
42538928
